<!DOCTYPE html>
<html><head data-gwd-animation-mode="proMode"><meta name="GCD" content="YTk3ODQ3ZWZhN2I4NzZmMzBkNTEwYjJl14ef9bf4aa1bdbc3e021b7b880a6fe2d"/>
    <meta name="generator" content="Google Web Designer 1.0.6.0428">
    <meta name="template" content="Expandable 1.0.5">
    <meta http-equiv="Content-Type" content="text/html; charset=utf-8">
    <meta name="viewport" content="width=device-width, initial-scale=1.0">
    <style type="text/css">html, body {
  width: 100%;
  height: 100%;
  margin: 0px;
}

.gwd-page-container {
  position: relative;
  width: 100%;
  height: 100%;
}

.gwd-page-content {
  background-color: transparent;
  -webkit-transform: matrix3d(1, 0, 0, 0, 0, 1, 0, 0, 0, 0, 1, 0, 0, 0, 0, 1);
  -moz-transform: matrix3d(1, 0, 0, 0, 0, 1, 0, 0, 0, 0, 1, 0, 0, 0, 0, 1);
  transform: matrix3d(1, 0, 0, 0, 0, 1, 0, 0, 0, 0, 1, 0, 0, 0, 0, 1);
  -webkit-perspective: 1400px;
  -moz-perspective: 1400px;
  perspective: 1400px;
  -webkit-transform-style: preserve-3d;
  -moz-transform-style: preserve-3d;
  transform-style: preserve-3d;
  position: absolute;
}

.gwd-page-wrapper {
  background-color: rgb(255, 255, 255);
  position: absolute;
  -webkit-transform: translateZ(0px);
  -moz-transform: translateZ(0px);
  transform: translateZ(0px);
}

.banner {
  width: 1282px;
  height: 900px;
}

.expanded {
  width: 1282px;
  height: 900px;
}

#expand-button {
  position: absolute;
  width: 1282px;
  height: 900px;
  left: 0px;
  top: 0px;
}

#close-button {
  position: absolute;
  width: 120px;
  height: 48px;
  left: 355px;
  top: 3px;
  background-image: none;
  background-color: rgba(153, 153, 153, 0.2);
}

.gwd-div-a0bs {
  position: absolute;
  font-family: 'Times New Roman';
  text-align: left;
  color: rgb(0, 0, 0);
  width: 350px;
  height: 350px;
  top: 275px;
  left: 466px;
}

.gwd-div-2zcy {
  background-image: none;
  background-color: rgb(239, 255, 70);
  opacity: 0.9;
  -webkit-transform-style: preserve-3d;
  -moz-transform-style: preserve-3d;
  transform-style: preserve-3d;
  top: 280px;
  left: 459.5px;
  width: 350px;
  height: 350px;
  -webkit-transform: matrix3d(0.9999931116, 0.003711693, 0, 0, -0.003711693, 0.9999931116, 0, 0, 0, 0, 1, 0, -22.0619992455, -136.648340805, 0, 1);
  -moz-transform: matrix3d(0.9999931116, 0.003711693, 0, 0, -0.003711693, 0.9999931116, 0, 0, 0, 0, 1, 0, -22.0619992455, -136.648340805, 0, 1);
  transform: matrix3d(0.9999931116, 0.003711693, 0, 0, -0.003711693, 0.9999931116, 0, 0, 0, 0, 1, 0, -22.0619992455, -136.648340805, 0, 1);
}

.gwd-div-un9e {
  background-image: none;
  background-color: rgb(230, 20, 0);
  opacity: 0.9;
  -webkit-transform-origin: 175px 175px 0px;
  -moz-transform-origin: 175px 175px 0px;
  transform-origin: 175px 175px 0px;
  -webkit-transform-style: preserve-3d;
  -moz-transform-style: preserve-3d;
  transform-style: preserve-3d;
  top: 632px;
  left: 458.50000000000006px;
  width: 350px;
  height: 350px;
  -webkit-transform: matrix3d(1, 0, 0, 0, 0, -0.0056846897, 0.999983842, 0, 0, -0.999983842, -0.0056846897, 0, -18.6391177579, -310.1041415606, 184.6344111447, 1);
  -moz-transform: matrix3d(1, 0, 0, 0, 0, -0.0056846897, 0.999983842, 0, 0, -0.999983842, -0.0056846897, 0, -18.6391177579, -310.1041415606, 184.6344111447, 1);
  transform: matrix3d(1, 0, 0, 0, 0, -0.0056846897, 0.999983842, 0, 0, -0.999983842, -0.0056846897, 0, -18.6391177579, -310.1041415606, 184.6344111447, 1);
}

.gwd-div-5axi {
  background-image: none;
  background-color: rgb(71, 70, 255);
  opacity: 0.9;
  -webkit-transform-style: preserve-3d;
  -moz-transform-style: preserve-3d;
  transform-style: preserve-3d;
  top: -68px;
  left: 459.5000000000024px;
  width: 350px;
  height: 350px;
  -webkit-transform: matrix3d(0.9999526942, 0.0005928799, 0.0097086489, 0, 0.0097267348, -0.0609507579, -0.9980933803, 0, 0, 0.9981405981, -0.0609536414, 0, -22.0619992455, 44.5391097577, 175.4942520789, 1);
  -moz-transform: matrix3d(0.9999526942, 0.0005928799, 0.0097086489, 0, 0.0097267348, -0.0609507579, -0.9980933803, 0, 0, 0.9981405981, -0.0609536414, 0, -22.0619992455, 44.5391097577, 175.4942520789, 1);
  transform: matrix3d(0.9999526942, 0.0005928799, 0.0097086489, 0, 0.0097267348, -0.0609507579, -0.9980933803, 0, 0, 0.9981405981, -0.0609536414, 0, -22.0619992455, 44.5391097577, 175.4942520789, 1);
}

.gwd-div-baw4 {
  width: 350px;
  border-width: 7px;
  border-style: solid;
  opacity: 0.6;
  left: 16px;
  top: 261px;
}

.gwd-div-7jo2 {
  -webkit-transform-style: preserve-3d;
  -moz-transform-style: preserve-3d;
  transform-style: preserve-3d;
  top: 273px;
  left: 96px;
  width: 350px;
  height: 350px;
  -webkit-transform: matrix3d(0.0072237886, 0, -0.9999739081, 0, 0, 1, 0, 0, 0.9999739081, 0, 0.0072237886, 0, 152.8602661693, -126.003019372, 185.7844929136, 1);
  -moz-transform: matrix3d(0.0072237886, 0, -0.9999739081, 0, 0, 1, 0, 0, 0.9999739081, 0, 0.0072237886, 0, 152.8602661693, -126.003019372, 185.7844929136, 1);
  transform: matrix3d(0.0072237886, 0, -0.9999739081, 0, 0, 1, 0, 0, 0.9999739081, 0, 0.0072237886, 0, 152.8602661693, -126.003019372, 185.7844929136, 1);
}

.gwd-div-dnzw {
  width: 350px;
  height: 350px;
  -webkit-transform-origin: 50% 50%;
  -moz-transform-origin: 50% 50%;
  transform-origin: 50% 50%;
  -webkit-transform: matrix3d(1, 0, 0, 0, 0, 1, 0, 0, 0, 0, 1, 0, 0, 0, 0, 1);
  -moz-transform: matrix3d(1, 0, 0, 0, 0, 1, 0, 0, 0, 0, 1, 0, 0, 0, 0, 1);
  transform: matrix3d(1, 0, 0, 0, 0, 1, 0, 0, 0, 0, 1, 0, 0, 0, 0, 1);
  left: -98px;
  top: 337px;
}

.gwd-div-y2rz {
  position: absolute;
  text-align: left;
  color: rgb(0, 0, 0);
  font-size: 30px;
  font-family: 'Arial Black';
  -webkit-transform-style: preserve-3d;
  -moz-transform-style: preserve-3d;
  transform-style: preserve-3d;
  top: 357px;
  left: 49px;
  width: 264px;
  height: 264px;
  -webkit-transform: matrix3d(1, 0, 0, 0, 0, 1, 0, 0, 0, 0, 1, 0, 0, 0, 0, 1);
  -moz-transform: matrix3d(1, 0, 0, 0, 0, 1, 0, 0, 0, 0, 1, 0, 0, 0, 0, 1);
  transform: matrix3d(1, 0, 0, 0, 0, 1, 0, 0, 0, 0, 1, 0, 0, 0, 0, 1);
  -webkit-transform-origin: 132px 156.5px 0px;
  -moz-transform-origin: 132px 156.5px 0px;
  transform-origin: 132px 156.5px 0px;
  opacity: 1;
}

.gwd-div-c4yu {
  text-align: center;
}

.gwd-span-wpiv {
  background-color: transparent;
  font-size: 25px;
}

.gwd-div-yxed {
  text-align: center;
}

.gwd-div-srnw {
  text-align: center;
}

.gwd-div-4moj {
  text-align: center;
}

.gwd-div-efmj {
  text-align: center;
}

.gwd-div-ivw7 {
  text-align: center;
}

.gwd-div-vyi6 {
  text-align: center;
}

.gwd-gen-ir3e .gwd-gen-fkm4gwdanimation {
  -webkit-animation: gwd-gen-fkm4gwdanimation_gwd-keyframes 3.4s linear 0s 1 forwards;
  -moz-animation: gwd-gen-fkm4gwdanimation_gwd-keyframes 3.4s linear 0s 1 forwards;
  animation: gwd-gen-fkm4gwdanimation_gwd-keyframes 3.4s linear 0s 1 forwards;
}

.gwd-span-pkov {
  font-size: 25px;
}

.gwd-span-qai9 {
  font-size: 25px;
}

.gwd-span-x785 {
  font-size: 25px;
}

.gwd-span-bog0 {
  font-size: 25px;
}

.gwd-span-h702 {
  font-size: 25px;
}

.gwd-span-pph0 {
  font-size: 25px;
}

.gwd-div-oy1h {
  -webkit-transform-style: preserve-3d;
  -moz-transform-style: preserve-3d;
  transform-style: preserve-3d;
  top: 273.4271920989809px;
  left: 810.1835270659486px;
  width: 350px;
  height: 350px;
  -webkit-transform: matrix3d(0.0020448829, -0.003936676, -0.9999901605, 0, 0.0000080501, 0.9999922513, -0.0039366678, 0, 0.9999979092, 0, 0.0020448987, 0, -221.4298787903, -138.9923507377, 191.3668562565, 1);
  -moz-transform: matrix3d(0.0020448829, -0.003936676, -0.9999901605, 0, 0.0000080501, 0.9999922513, -0.0039366678, 0, 0.9999979092, 0, 0.0020448987, 0, -221.4298787903, -138.9923507377, 191.3668562565, 1);
  transform: matrix3d(0.0020448829, -0.003936676, -0.9999901605, 0, 0.0000080501, 0.9999922513, -0.0039366678, 0, 0.9999979092, 0, 0.0020448987, 0, -221.4298787903, -138.9923507377, 191.3668562565, 1);
}

.gwd-div-9qd6 {
  border-image-source: none;
  background-image: none;
  -webkit-transform-origin: 50% 50%;
  -moz-transform-origin: 50% 50%;
  transform-origin: 50% 50%;
  -webkit-transform-style: preserve-3d;
  -moz-transform-style: preserve-3d;
  transform-style: preserve-3d;
  top: 337px;
  left: -98px;
  width: 350px;
  height: 350px;
  -webkit-transform: matrix3d(1, 0, 0, 0, 0, 1, 0, 0, 0, 0, 1, 0, 0, 0, 0, 1);
  -moz-transform: matrix3d(1, 0, 0, 0, 0, 1, 0, 0, 0, 0, 1, 0, 0, 0, 0, 1);
  transform: matrix3d(1, 0, 0, 0, 0, 1, 0, 0, 0, 0, 1, 0, 0, 0, 0, 1);
  border-color: rgb(0, 0, 0);
  background-color: transparent;
  opacity: 0.6;
}

.gwd-gen-ir3e .gwd-gen-drsrgwdanimation {
  -webkit-animation: gwd-gen-drsrgwdanimation_gwd-keyframes 7.3s linear 0s 1 forwards;
  -moz-animation: gwd-gen-drsrgwdanimation_gwd-keyframes 7.3s linear 0s 1 forwards;
  animation: gwd-gen-drsrgwdanimation_gwd-keyframes 7.3s linear 0s 1 forwards;
}

@-webkit-keyframes gwd-gen-fkm4gwdanimation_gwd-keyframes {
  0% { top: 357px; left: 49px; width: 264px; height: 264px; -webkit-transform: matrix3d(1, 0, 0, 0, 0, 1, 0, 0, 0, 0, 1, 0, 0, 0, 0, 1); -webkit-transform-origin: 132px 156.5px 0px; opacity: 1; -webkit-animation-timing-function: linear; }
  38.2353% { top: 357px; left: 49px; width: 264px; height: 264px; -webkit-transform: matrix3d(1, 0, 0, 0, 0, 1, 0, 0, 0, 0, 1, 0, 0, 0, 0, 1); -webkit-transform-origin: 132px 156.5px 0px; opacity: 1; -webkit-animation-timing-function: linear; }
  79.4118% { top: 177.51404806182506px; left: 553.1440009431337px; width: 264px; height: 264px; -webkit-transform: matrix3d(1, 0, 0, 0, 0, 1, 0, 0, 0, 0, 1, 0, 0, 0, 0, 1); -webkit-transform-origin: 654.1599102197px -19.0517448572px 0px; opacity: 1; -webkit-animation-timing-function: linear; }
  100% { top: 177.51404806182506px; left: 553.1440009431337px; width: 264px; height: 264px; -webkit-transform: matrix3d(1, 0, 0, 0, 0, 1, 0, 0, 0, 0, 1, 0, 0, 0, 0, 1); -webkit-transform-origin: 654.1599102197px -19.0517448572px 0px; opacity: 0; -webkit-animation-timing-function: linear; }
}
@-moz-keyframes gwd-gen-fkm4gwdanimation_gwd-keyframes {
  0% { top: 357px; left: 49px; width: 264px; height: 264px; -moz-transform: matrix3d(1, 0, 0, 0, 0, 1, 0, 0, 0, 0, 1, 0, 0, 0, 0, 1); -moz-transform-origin: 132px 156.5px 0px; opacity: 1; -moz-animation-timing-function: linear; }
  38.2353% { top: 357px; left: 49px; width: 264px; height: 264px; -moz-transform: matrix3d(1, 0, 0, 0, 0, 1, 0, 0, 0, 0, 1, 0, 0, 0, 0, 1); -moz-transform-origin: 132px 156.5px 0px; opacity: 1; -moz-animation-timing-function: linear; }
  79.4118% { top: 177.51404806182506px; left: 553.1440009431337px; width: 264px; height: 264px; -moz-transform: matrix3d(1, 0, 0, 0, 0, 1, 0, 0, 0, 0, 1, 0, 0, 0, 0, 1); -moz-transform-origin: 654.1599102197px -19.0517448572px 0px; opacity: 1; -moz-animation-timing-function: linear; }
  100% { top: 177.51404806182506px; left: 553.1440009431337px; width: 264px; height: 264px; -moz-transform: matrix3d(1, 0, 0, 0, 0, 1, 0, 0, 0, 0, 1, 0, 0, 0, 0, 1); -moz-transform-origin: 654.1599102197px -19.0517448572px 0px; opacity: 0; -moz-animation-timing-function: linear; }
}
@keyframes gwd-gen-fkm4gwdanimation_gwd-keyframes {
  0% { top: 357px; left: 49px; width: 264px; height: 264px; transform: matrix3d(1, 0, 0, 0, 0, 1, 0, 0, 0, 0, 1, 0, 0, 0, 0, 1); transform-origin: 132px 156.5px 0px; opacity: 1; animation-timing-function: linear; }
  38.2353% { top: 357px; left: 49px; width: 264px; height: 264px; transform: matrix3d(1, 0, 0, 0, 0, 1, 0, 0, 0, 0, 1, 0, 0, 0, 0, 1); transform-origin: 132px 156.5px 0px; opacity: 1; animation-timing-function: linear; }
  79.4118% { top: 177.51404806182506px; left: 553.1440009431337px; width: 264px; height: 264px; transform: matrix3d(1, 0, 0, 0, 0, 1, 0, 0, 0, 0, 1, 0, 0, 0, 0, 1); transform-origin: 654.1599102197px -19.0517448572px 0px; opacity: 1; animation-timing-function: linear; }
  100% { top: 177.51404806182506px; left: 553.1440009431337px; width: 264px; height: 264px; transform: matrix3d(1, 0, 0, 0, 0, 1, 0, 0, 0, 0, 1, 0, 0, 0, 0, 1); transform-origin: 654.1599102197px -19.0517448572px 0px; opacity: 0; animation-timing-function: linear; }
}
.gwd-gen-ir3e .gwd-gen-eeotgwdanimation {
  -webkit-animation: gwd-gen-eeotgwdanimation_gwd-keyframes 7.3s linear 0s 1 forwards;
  -moz-animation: gwd-gen-eeotgwdanimation_gwd-keyframes 7.3s linear 0s 1 forwards;
  animation: gwd-gen-eeotgwdanimation_gwd-keyframes 7.3s linear 0s 1 forwards;
}

.gwd-gen-ir3e .gwd-gen-99hogwdanimation {
  -webkit-animation: gwd-gen-99hogwdanimation_gwd-keyframes 7.3s linear 0s 1 forwards;
  -moz-animation: gwd-gen-99hogwdanimation_gwd-keyframes 7.3s linear 0s 1 forwards;
  animation: gwd-gen-99hogwdanimation_gwd-keyframes 7.3s linear 0s 1 forwards;
}

.gwd-gen-ir3e .gwd-gen-gmyogwdanimation {
  -webkit-animation: gwd-gen-gmyogwdanimation_gwd-keyframes 7.3s linear 0s 1 forwards;
  -moz-animation: gwd-gen-gmyogwdanimation_gwd-keyframes 7.3s linear 0s 1 forwards;
  animation: gwd-gen-gmyogwdanimation_gwd-keyframes 7.3s linear 0s 1 forwards;
}

.gwd-gen-ir3e .gwd-gen-t6z4gwdanimation {
  -webkit-animation: gwd-gen-t6z4gwdanimation_gwd-keyframes 7.3s linear 0s 1 forwards;
  -moz-animation: gwd-gen-t6z4gwdanimation_gwd-keyframes 7.3s linear 0s 1 forwards;
  animation: gwd-gen-t6z4gwdanimation_gwd-keyframes 7.3s linear 0s 1 forwards;
}

.gwd-gen-ir3e .gwd-gen-x6gagwdanimation {
  -webkit-animation: gwd-gen-x6gagwdanimation_gwd-keyframes 7.3s linear 0s 1 forwards;
  -moz-animation: gwd-gen-x6gagwdanimation_gwd-keyframes 7.3s linear 0s 1 forwards;
  animation: gwd-gen-x6gagwdanimation_gwd-keyframes 7.3s linear 0s 1 forwards;
}

.gwd-div-kc18 {
  position: absolute;
  font-family: 'Times New Roman';
  text-align: left;
  color: rgb(0, 0, 0);
  -webkit-transform-origin: 76.4215154831px 17.7454363094px 0px;
  -moz-transform-origin: 76.4215154831px 17.7454363094px 0px;
  transform-origin: 76.4215154831px 17.7454363094px 0px;
  top: 242.57207201273968px;
  left: 64.83895861363459px;
  width: 152.5418090294px;
  height: 35.8973208195px;
  -webkit-transform: matrix3d(1, 0, 0, 0, 0, 1, 0, 0, 0, 0, 1, 0, 0, 0, 0, 1);
  -moz-transform: matrix3d(1, 0, 0, 0, 0, 1, 0, 0, 0, 0, 1, 0, 0, 0, 0, 1);
  transform: matrix3d(1, 0, 0, 0, 0, 1, 0, 0, 0, 0, 1, 0, 0, 0, 0, 1);
  opacity: 0;
}

.gwd-span-k3ks {
  font-size: 30px;
}

.gwd-span-n4d4 {
  font-size: 30px;
  text-decoration: underline;
}

.gwd-div-jthp {
  position: absolute;
  font-family: 'Times New Roman';
  text-align: left;
  color: rgb(0, 0, 0);
  top: 310px;
  left: 65px;
  width: 153px;
  height: 153px;
  opacity: 0;
}

.gwd-span-g3hd {
  font-size: 30px;
}

@-webkit-keyframes gwd-gen-99hogwdanimation_gwd-keyframes {
  0% { top: 273px; left: 96px; width: 350px; height: 350px; -webkit-transform: matrix3d(0.0072237886, 0, -0.9999739081, 0, 0, 1, 0, 0, 0.9999739081, 0, 0.0072237886, 0, 152.8602661693, -126.003019372, 185.7844929136, 1); -webkit-animation-timing-function: linear; }
  69.863% { top: 273px; left: 96px; width: 350px; height: 350px; -webkit-transform: matrix3d(0.0072237886, 0, -0.9999739081, 0, 0, 1, 0, 0, 0.9999739081, 0, 0.0072237886, 0, 152.8602661693, -126.003019372, 185.7844929136, 1); -webkit-animation-timing-function: linear; }
  95.8904% { top: 273px; left: 96px; width: 350px; height: 350px; -webkit-transform: matrix3d(0.0072237886, 0, -0.9999739081, 0, 0, 1, 0, 0, 0.9999739081, 0, 0.0072237886, 0, 152.8602661693, -126.003019372, 185.7844929136, 1); -webkit-animation-timing-function: linear; }
  100% { top: 273px; left: 96px; width: 350px; height: 350px; -webkit-transform: matrix3d(-0.4807733654, 0.3255596598, -0.8141669847, 0, 0.1676799955, 0.9455185756, 0.2790663762, 0, 0.8606627622, -0.0023518355, -0.5091699899, 0, 201.6822654237, -125.8490058605, 362.7512833438, 1); -webkit-animation-timing-function: linear; }
}
@-moz-keyframes gwd-gen-99hogwdanimation_gwd-keyframes {
  0% { top: 273px; left: 96px; width: 350px; height: 350px; -moz-transform: matrix3d(0.0072237886, 0, -0.9999739081, 0, 0, 1, 0, 0, 0.9999739081, 0, 0.0072237886, 0, 152.8602661693, -126.003019372, 185.7844929136, 1); -moz-animation-timing-function: linear; }
  69.863% { top: 273px; left: 96px; width: 350px; height: 350px; -moz-transform: matrix3d(0.0072237886, 0, -0.9999739081, 0, 0, 1, 0, 0, 0.9999739081, 0, 0.0072237886, 0, 152.8602661693, -126.003019372, 185.7844929136, 1); -moz-animation-timing-function: linear; }
  95.8904% { top: 273px; left: 96px; width: 350px; height: 350px; -moz-transform: matrix3d(0.0072237886, 0, -0.9999739081, 0, 0, 1, 0, 0, 0.9999739081, 0, 0.0072237886, 0, 152.8602661693, -126.003019372, 185.7844929136, 1); -moz-animation-timing-function: linear; }
  100% { top: 273px; left: 96px; width: 350px; height: 350px; -moz-transform: matrix3d(-0.4807733654, 0.3255596598, -0.8141669847, 0, 0.1676799955, 0.9455185756, 0.2790663762, 0, 0.8606627622, -0.0023518355, -0.5091699899, 0, 201.6822654237, -125.8490058605, 362.7512833438, 1); -moz-animation-timing-function: linear; }
}
@keyframes gwd-gen-99hogwdanimation_gwd-keyframes {
  0% { top: 273px; left: 96px; width: 350px; height: 350px; transform: matrix3d(0.0072237886, 0, -0.9999739081, 0, 0, 1, 0, 0, 0.9999739081, 0, 0.0072237886, 0, 152.8602661693, -126.003019372, 185.7844929136, 1); animation-timing-function: linear; }
  69.863% { top: 273px; left: 96px; width: 350px; height: 350px; transform: matrix3d(0.0072237886, 0, -0.9999739081, 0, 0, 1, 0, 0, 0.9999739081, 0, 0.0072237886, 0, 152.8602661693, -126.003019372, 185.7844929136, 1); animation-timing-function: linear; }
  95.8904% { top: 273px; left: 96px; width: 350px; height: 350px; transform: matrix3d(0.0072237886, 0, -0.9999739081, 0, 0, 1, 0, 0, 0.9999739081, 0, 0.0072237886, 0, 152.8602661693, -126.003019372, 185.7844929136, 1); animation-timing-function: linear; }
  100% { top: 273px; left: 96px; width: 350px; height: 350px; transform: matrix3d(-0.4807733654, 0.3255596598, -0.8141669847, 0, 0.1676799955, 0.9455185756, 0.2790663762, 0, 0.8606627622, -0.0023518355, -0.5091699899, 0, 201.6822654237, -125.8490058605, 362.7512833438, 1); animation-timing-function: linear; }
}
@-webkit-keyframes gwd-gen-gmyogwdanimation_gwd-keyframes {
  0% { top: 632px; left: 458.50000000000006px; width: 350px; height: 350px; -webkit-transform: matrix3d(1, 0, 0, 0, 0, -0.0056846897, 0.999983842, 0, 0, -0.999983842, -0.0056846897, 0, -18.6391177579, -310.1041415606, 184.6344111447, 1); -webkit-animation-timing-function: linear; }
  69.863% { top: 632px; left: 458.50000000000006px; width: 350px; height: 350px; -webkit-transform: matrix3d(1, 0, 0, 0, 0, -0.0056846897, 0.999983842, 0, 0, -0.999983842, -0.0056846897, 0, -18.6391177579, -310.1041415606, 184.6344111447, 1); -webkit-animation-timing-function: linear; }
  95.8904% { top: 632px; left: 458.50000000000006px; width: 350px; height: 350px; -webkit-transform: matrix3d(1, 0, 0, 0, 0, -0.0056846897, 0.999983842, 0, 0, -0.999983842, -0.0056846897, 0, -18.6391177579, -310.1041415606, 184.6344111447, 1); -webkit-animation-timing-function: linear; }
  100% { top: 632px; left: 458.50000000000006px; width: 350px; height: 350px; -webkit-transform: matrix3d(0.8571673007, 0, -0.5150380749, 0, 0.4860169896, -0.3309378736, 0.8088681039, 0, -0.1704456054, -0.943652544, -0.2836691238, 0, 31.4233789639, -318.7230680685, 313.6492685955, 1); -webkit-animation-timing-function: linear; }
}
@-moz-keyframes gwd-gen-gmyogwdanimation_gwd-keyframes {
  0% { top: 632px; left: 458.50000000000006px; width: 350px; height: 350px; -moz-transform: matrix3d(1, 0, 0, 0, 0, -0.0056846897, 0.999983842, 0, 0, -0.999983842, -0.0056846897, 0, -18.6391177579, -310.1041415606, 184.6344111447, 1); -moz-animation-timing-function: linear; }
  69.863% { top: 632px; left: 458.50000000000006px; width: 350px; height: 350px; -moz-transform: matrix3d(1, 0, 0, 0, 0, -0.0056846897, 0.999983842, 0, 0, -0.999983842, -0.0056846897, 0, -18.6391177579, -310.1041415606, 184.6344111447, 1); -moz-animation-timing-function: linear; }
  95.8904% { top: 632px; left: 458.50000000000006px; width: 350px; height: 350px; -moz-transform: matrix3d(1, 0, 0, 0, 0, -0.0056846897, 0.999983842, 0, 0, -0.999983842, -0.0056846897, 0, -18.6391177579, -310.1041415606, 184.6344111447, 1); -moz-animation-timing-function: linear; }
  100% { top: 632px; left: 458.50000000000006px; width: 350px; height: 350px; -moz-transform: matrix3d(0.8571673007, 0, -0.5150380749, 0, 0.4860169896, -0.3309378736, 0.8088681039, 0, -0.1704456054, -0.943652544, -0.2836691238, 0, 31.4233789639, -318.7230680685, 313.6492685955, 1); -moz-animation-timing-function: linear; }
}
@keyframes gwd-gen-gmyogwdanimation_gwd-keyframes {
  0% { top: 632px; left: 458.50000000000006px; width: 350px; height: 350px; transform: matrix3d(1, 0, 0, 0, 0, -0.0056846897, 0.999983842, 0, 0, -0.999983842, -0.0056846897, 0, -18.6391177579, -310.1041415606, 184.6344111447, 1); animation-timing-function: linear; }
  69.863% { top: 632px; left: 458.50000000000006px; width: 350px; height: 350px; transform: matrix3d(1, 0, 0, 0, 0, -0.0056846897, 0.999983842, 0, 0, -0.999983842, -0.0056846897, 0, -18.6391177579, -310.1041415606, 184.6344111447, 1); animation-timing-function: linear; }
  95.8904% { top: 632px; left: 458.50000000000006px; width: 350px; height: 350px; transform: matrix3d(1, 0, 0, 0, 0, -0.0056846897, 0.999983842, 0, 0, -0.999983842, -0.0056846897, 0, -18.6391177579, -310.1041415606, 184.6344111447, 1); animation-timing-function: linear; }
  100% { top: 632px; left: 458.50000000000006px; width: 350px; height: 350px; transform: matrix3d(0.8571673007, 0, -0.5150380749, 0, 0.4860169896, -0.3309378736, 0.8088681039, 0, -0.1704456054, -0.943652544, -0.2836691238, 0, 31.4233789639, -318.7230680685, 313.6492685955, 1); animation-timing-function: linear; }
}
@-webkit-keyframes gwd-gen-x6gagwdanimation_gwd-keyframes {
  0% { top: 280px; left: 459.5px; width: 350px; height: 350px; -webkit-transform: matrix3d(0.9999931116, 0.003711693, 0, 0, -0.003711693, 0.9999931116, 0, 0, 0, 0, 1, 0, -22.0619992455, -136.648340805, 0, 1); -webkit-animation-timing-function: linear; }
  69.863% { top: 280px; left: 459.5px; width: 350px; height: 350px; -webkit-transform: matrix3d(0.9999931116, 0.003711693, 0, 0, -0.003711693, 0.9999931116, 0, 0, 0, 0, 1, 0, -22.0619992455, -136.648340805, 0, 1); -webkit-animation-timing-function: linear; }
  95.8904% { top: 280px; left: 459.5px; width: 350px; height: 350px; -webkit-transform: matrix3d(0.9999931116, 0.003711693, 0, 0, -0.003711693, 0.9999931116, 0, 0, 0, 0, 1, 0, -22.0619992455, -136.648340805, 0, 1); -webkit-animation-timing-function: linear; }
  100% { top: 280px; left: 459.5px; width: 350px; height: 350px; -webkit-transform: matrix3d(0.8577837729, 0.0035094747, -0.5139987184, 0, 0.1644972986, 0.9455120625, 0.280976117, 0, 0.486978067, -0.3255681545, 0.8104676052, 0, -91.5046349859, -75.428840534, 115.4312531069, 1); -webkit-animation-timing-function: linear; }
}
@-moz-keyframes gwd-gen-x6gagwdanimation_gwd-keyframes {
  0% { top: 280px; left: 459.5px; width: 350px; height: 350px; -moz-transform: matrix3d(0.9999931116, 0.003711693, 0, 0, -0.003711693, 0.9999931116, 0, 0, 0, 0, 1, 0, -22.0619992455, -136.648340805, 0, 1); -moz-animation-timing-function: linear; }
  69.863% { top: 280px; left: 459.5px; width: 350px; height: 350px; -moz-transform: matrix3d(0.9999931116, 0.003711693, 0, 0, -0.003711693, 0.9999931116, 0, 0, 0, 0, 1, 0, -22.0619992455, -136.648340805, 0, 1); -moz-animation-timing-function: linear; }
  95.8904% { top: 280px; left: 459.5px; width: 350px; height: 350px; -moz-transform: matrix3d(0.9999931116, 0.003711693, 0, 0, -0.003711693, 0.9999931116, 0, 0, 0, 0, 1, 0, -22.0619992455, -136.648340805, 0, 1); -moz-animation-timing-function: linear; }
  100% { top: 280px; left: 459.5px; width: 350px; height: 350px; -moz-transform: matrix3d(0.8577837729, 0.0035094747, -0.5139987184, 0, 0.1644972986, 0.9455120625, 0.280976117, 0, 0.486978067, -0.3255681545, 0.8104676052, 0, -91.5046349859, -75.428840534, 115.4312531069, 1); -moz-animation-timing-function: linear; }
}
@keyframes gwd-gen-x6gagwdanimation_gwd-keyframes {
  0% { top: 280px; left: 459.5px; width: 350px; height: 350px; transform: matrix3d(0.9999931116, 0.003711693, 0, 0, -0.003711693, 0.9999931116, 0, 0, 0, 0, 1, 0, -22.0619992455, -136.648340805, 0, 1); animation-timing-function: linear; }
  69.863% { top: 280px; left: 459.5px; width: 350px; height: 350px; transform: matrix3d(0.9999931116, 0.003711693, 0, 0, -0.003711693, 0.9999931116, 0, 0, 0, 0, 1, 0, -22.0619992455, -136.648340805, 0, 1); animation-timing-function: linear; }
  95.8904% { top: 280px; left: 459.5px; width: 350px; height: 350px; transform: matrix3d(0.9999931116, 0.003711693, 0, 0, -0.003711693, 0.9999931116, 0, 0, 0, 0, 1, 0, -22.0619992455, -136.648340805, 0, 1); animation-timing-function: linear; }
  100% { top: 280px; left: 459.5px; width: 350px; height: 350px; transform: matrix3d(0.8577837729, 0.0035094747, -0.5139987184, 0, 0.1644972986, 0.9455120625, 0.280976117, 0, 0.486978067, -0.3255681545, 0.8104676052, 0, -91.5046349859, -75.428840534, 115.4312531069, 1); animation-timing-function: linear; }
}
.gwd-gen-ir3e .gwd-gen-6zq4gwdanimation {
  -webkit-animation: gwd-gen-6zq4gwdanimation_gwd-keyframes 7.8s linear 0s 1 forwards;
  -moz-animation: gwd-gen-6zq4gwdanimation_gwd-keyframes 7.8s linear 0s 1 forwards;
  animation: gwd-gen-6zq4gwdanimation_gwd-keyframes 7.8s linear 0s 1 forwards;
}

.gwd-a-t48r {
  font-size: 30px;
  color: rgb(0, 0, 0);
}

.gwd-div-qj5q {
  position: absolute;
  width: 142.3095529599px;
  height: 36.1353446378px;
  -webkit-transform-origin: 71.15477648px 17.9323276811px 0px;
  -moz-transform-origin: 71.15477648px 17.9323276811px 0px;
  transform-origin: 71.15477648px 17.9323276811px 0px;
  -webkit-transform: matrix3d(1, 0, 0, 0, 0, 1, 0, 0, 0, 0, 1, 0, 0, 0, 0, 1);
  -moz-transform: matrix3d(1, 0, 0, 0, 0, 1, 0, 0, 0, 0, 1, 0, 0, 0, 0, 1);
  transform: matrix3d(1, 0, 0, 0, 0, 1, 0, 0, 0, 0, 1, 0, 0, 0, 0, 1);
  -webkit-transform-style: preserve-3d;
  -moz-transform-style: preserve-3d;
  transform-style: preserve-3d;
  left: 66.24183718914134px;
  top: 243.92047746912598px;
  /* Fix for transparent TapAreas for IE10 */
  background-color: rgba(0,0,0,0);
}

.gwd-gen-ir3e .gwd-gen-nmijgwdanimation {
  -webkit-animation: gwd-gen-nmijgwdanimation_gwd-keyframes 7.8s linear 0s 1 forwards;
  -moz-animation: gwd-gen-nmijgwdanimation_gwd-keyframes 7.8s linear 0s 1 forwards;
  animation: gwd-gen-nmijgwdanimation_gwd-keyframes 7.8s linear 0s 1 forwards;
}

@-webkit-keyframes gwd-gen-nmijgwdanimation_gwd-keyframes {
  0% { top: 310px; left: 65px; width: 153px; height: 153px; opacity: 0; -webkit-animation-timing-function: linear; }
  93.1795% { top: 310px; left: 65px; width: 153px; height: 153px; opacity: 0; -webkit-animation-timing-function: linear; }
  100% { top: 309px; left: 65px; width: 153px; height: 153px; opacity: 1; -webkit-animation-timing-function: linear; }
}
@-moz-keyframes gwd-gen-nmijgwdanimation_gwd-keyframes {
  0% { top: 310px; left: 65px; width: 153px; height: 153px; opacity: 0; -moz-animation-timing-function: linear; }
  93.1795% { top: 310px; left: 65px; width: 153px; height: 153px; opacity: 0; -moz-animation-timing-function: linear; }
  100% { top: 309px; left: 65px; width: 153px; height: 153px; opacity: 1; -moz-animation-timing-function: linear; }
}
@keyframes gwd-gen-nmijgwdanimation_gwd-keyframes {
  0% { top: 310px; left: 65px; width: 153px; height: 153px; opacity: 0; animation-timing-function: linear; }
  93.1795% { top: 310px; left: 65px; width: 153px; height: 153px; opacity: 0; animation-timing-function: linear; }
  100% { top: 309px; left: 65px; width: 153px; height: 153px; opacity: 1; animation-timing-function: linear; }
}
@-webkit-keyframes gwd-gen-6zq4gwdanimation_gwd-keyframes {
  0% { top: 242.57207201273968px; left: 64.83895861363459px; width: 152.5418090294px; height: 35.8973208195px; -webkit-transform: matrix3d(1, 0, 0, 0, 0, 1, 0, 0, 0, 0, 1, 0, 0, 0, 0, 1); opacity: 0; -webkit-animation-timing-function: linear; }
  93.5897% { top: 242.57207201273968px; left: 64.83895861363459px; width: 152.5418090294px; height: 35.8973208195px; -webkit-transform: matrix3d(1, 0, 0, 0, 0, 1, 0, 0, 0, 0, 1, 0, 0, 0, 0, 1); opacity: 0; -webkit-animation-timing-function: linear; }
  100% { top: 242.57207201273968px; left: 64.83895861363459px; width: 152.5418090294px; height: 35.8973208195px; -webkit-transform: matrix3d(1, 0, 0, 0, 0, 1, 0, 0, 0, 0, 1, 0, 0, 0, 0, 1); opacity: 1; -webkit-animation-timing-function: linear; }
}
@-moz-keyframes gwd-gen-6zq4gwdanimation_gwd-keyframes {
  0% { top: 242.57207201273968px; left: 64.83895861363459px; width: 152.5418090294px; height: 35.8973208195px; -moz-transform: matrix3d(1, 0, 0, 0, 0, 1, 0, 0, 0, 0, 1, 0, 0, 0, 0, 1); opacity: 0; -moz-animation-timing-function: linear; }
  93.5897% { top: 242.57207201273968px; left: 64.83895861363459px; width: 152.5418090294px; height: 35.8973208195px; -moz-transform: matrix3d(1, 0, 0, 0, 0, 1, 0, 0, 0, 0, 1, 0, 0, 0, 0, 1); opacity: 0; -moz-animation-timing-function: linear; }
  100% { top: 242.57207201273968px; left: 64.83895861363459px; width: 152.5418090294px; height: 35.8973208195px; -moz-transform: matrix3d(1, 0, 0, 0, 0, 1, 0, 0, 0, 0, 1, 0, 0, 0, 0, 1); opacity: 1; -moz-animation-timing-function: linear; }
}
@keyframes gwd-gen-6zq4gwdanimation_gwd-keyframes {
  0% { top: 242.57207201273968px; left: 64.83895861363459px; width: 152.5418090294px; height: 35.8973208195px; transform: matrix3d(1, 0, 0, 0, 0, 1, 0, 0, 0, 0, 1, 0, 0, 0, 0, 1); opacity: 0; animation-timing-function: linear; }
  93.5897% { top: 242.57207201273968px; left: 64.83895861363459px; width: 152.5418090294px; height: 35.8973208195px; transform: matrix3d(1, 0, 0, 0, 0, 1, 0, 0, 0, 0, 1, 0, 0, 0, 0, 1); opacity: 0; animation-timing-function: linear; }
  100% { top: 242.57207201273968px; left: 64.83895861363459px; width: 152.5418090294px; height: 35.8973208195px; transform: matrix3d(1, 0, 0, 0, 0, 1, 0, 0, 0, 0, 1, 0, 0, 0, 0, 1); opacity: 1; animation-timing-function: linear; }
}
.gwd-div-iyrl {
  background-image: none;
  background-color: rgb(255, 255, 255);
}

.gwd-div-3ia4 {
  position: absolute;
  width: 933px;
  height: 529px;
  -webkit-transform-origin: 466.5px 264.5px 0px;
  -moz-transform-origin: 466.5px 264.5px 0px;
  transform-origin: 466.5px 264.5px 0px;
  -webkit-transform: matrix3d(1, 0, 0, 0, 0, 1, 0, 0, 0, 0, 1, 0, 0, 0, 0, 1);
  -moz-transform: matrix3d(1, 0, 0, 0, 0, 1, 0, 0, 0, 0, 1, 0, 0, 0, 0, 1);
  transform: matrix3d(1, 0, 0, 0, 0, 1, 0, 0, 0, 0, 1, 0, 0, 0, 0, 1);
  left: 168.25px;
  top: 97.75px;
}

@-webkit-keyframes gwd-gen-eeotgwdanimation_gwd-keyframes {
  0% { top: 273.4271920989809px; left: 810.1835270659486px; width: 350px; height: 350px; -webkit-transform: matrix3d(0.0020448829, -0.003936676, -0.9999901605, 0, 0.0000080501, 0.9999922513, -0.0039366678, 0, 0.9999979092, 0, 0.0020448987, 0, -221.4298787903, -138.9923507377, 191.3668562565, 1); -webkit-animation-timing-function: linear; }
  69.8493% { top: 273.4271920989809px; left: 810.1835270659486px; width: 350px; height: 350px; -webkit-transform: matrix3d(0.0020448829, -0.003936676, -0.9999901605, 0, 0.0000080501, 0.9999922513, -0.0039366678, 0, 0.9999979092, 0, 0.0020448987, 0, -221.4298787903, -138.9923507377, 191.3668562565, 1); -webkit-animation-timing-function: linear; }
  83.5479% { top: 273.4271920989809px; left: 810.1835270659486px; width: 350px; height: 350px; -webkit-transform: matrix3d(0.0020448829, -0.003936676, -0.9999901605, 0, 0.0000080501, 0.9999922513, -0.0039366678, 0, 0.9999979092, 0, 0.0020448987, 0, -221.4298787903, -138.9923507377, 191.3668562565, 1); -webkit-animation-timing-function: linear; }
  95.8767% { top: 274.4271920989809px; left: 810.1835270659486px; width: 350px; height: 350px; -webkit-transform: matrix3d(0.0020448829, -0.003936676, -0.9999901605, 0, 0.0000080501, 0.9999922513, -0.0039366678, 0, 0.9999979092, 0, 0.0020448987, 0, -221.4298787903, -138.9923507377, 191.3668562565, 1); -webkit-animation-timing-function: linear; }
  100% { top: 273.4271920989809px; left: 810.1835270659486px; width: 350px; height: 350px; -webkit-transform: matrix3d(-0.4858805704, 0.3218427507, -0.8126114171, 0, 0.1657685256, 0.9467929027, 0.2758695259, 0, 0.8581613294, -0.0006657539, -0.5133796739, 0, -220.5891176248, -139.9480996824, 188.6872125929, 1); -webkit-animation-timing-function: linear; }
}
@-moz-keyframes gwd-gen-eeotgwdanimation_gwd-keyframes {
  0% { top: 273.4271920989809px; left: 810.1835270659486px; width: 350px; height: 350px; -moz-transform: matrix3d(0.0020448829, -0.003936676, -0.9999901605, 0, 0.0000080501, 0.9999922513, -0.0039366678, 0, 0.9999979092, 0, 0.0020448987, 0, -221.4298787903, -138.9923507377, 191.3668562565, 1); -moz-animation-timing-function: linear; }
  69.8493% { top: 273.4271920989809px; left: 810.1835270659486px; width: 350px; height: 350px; -moz-transform: matrix3d(0.0020448829, -0.003936676, -0.9999901605, 0, 0.0000080501, 0.9999922513, -0.0039366678, 0, 0.9999979092, 0, 0.0020448987, 0, -221.4298787903, -138.9923507377, 191.3668562565, 1); -moz-animation-timing-function: linear; }
  83.5479% { top: 273.4271920989809px; left: 810.1835270659486px; width: 350px; height: 350px; -moz-transform: matrix3d(0.0020448829, -0.003936676, -0.9999901605, 0, 0.0000080501, 0.9999922513, -0.0039366678, 0, 0.9999979092, 0, 0.0020448987, 0, -221.4298787903, -138.9923507377, 191.3668562565, 1); -moz-animation-timing-function: linear; }
  95.8767% { top: 274.4271920989809px; left: 810.1835270659486px; width: 350px; height: 350px; -moz-transform: matrix3d(0.0020448829, -0.003936676, -0.9999901605, 0, 0.0000080501, 0.9999922513, -0.0039366678, 0, 0.9999979092, 0, 0.0020448987, 0, -221.4298787903, -138.9923507377, 191.3668562565, 1); -moz-animation-timing-function: linear; }
  100% { top: 273.4271920989809px; left: 810.1835270659486px; width: 350px; height: 350px; -moz-transform: matrix3d(-0.4858805704, 0.3218427507, -0.8126114171, 0, 0.1657685256, 0.9467929027, 0.2758695259, 0, 0.8581613294, -0.0006657539, -0.5133796739, 0, -220.5891176248, -139.9480996824, 188.6872125929, 1); -moz-animation-timing-function: linear; }
}
@keyframes gwd-gen-eeotgwdanimation_gwd-keyframes {
  0% { top: 273.4271920989809px; left: 810.1835270659486px; width: 350px; height: 350px; transform: matrix3d(0.0020448829, -0.003936676, -0.9999901605, 0, 0.0000080501, 0.9999922513, -0.0039366678, 0, 0.9999979092, 0, 0.0020448987, 0, -221.4298787903, -138.9923507377, 191.3668562565, 1); animation-timing-function: linear; }
  69.8493% { top: 273.4271920989809px; left: 810.1835270659486px; width: 350px; height: 350px; transform: matrix3d(0.0020448829, -0.003936676, -0.9999901605, 0, 0.0000080501, 0.9999922513, -0.0039366678, 0, 0.9999979092, 0, 0.0020448987, 0, -221.4298787903, -138.9923507377, 191.3668562565, 1); animation-timing-function: linear; }
  83.5479% { top: 273.4271920989809px; left: 810.1835270659486px; width: 350px; height: 350px; transform: matrix3d(0.0020448829, -0.003936676, -0.9999901605, 0, 0.0000080501, 0.9999922513, -0.0039366678, 0, 0.9999979092, 0, 0.0020448987, 0, -221.4298787903, -138.9923507377, 191.3668562565, 1); animation-timing-function: linear; }
  95.8767% { top: 274.4271920989809px; left: 810.1835270659486px; width: 350px; height: 350px; transform: matrix3d(0.0020448829, -0.003936676, -0.9999901605, 0, 0.0000080501, 0.9999922513, -0.0039366678, 0, 0.9999979092, 0, 0.0020448987, 0, -221.4298787903, -138.9923507377, 191.3668562565, 1); animation-timing-function: linear; }
  100% { top: 273.4271920989809px; left: 810.1835270659486px; width: 350px; height: 350px; transform: matrix3d(-0.4858805704, 0.3218427507, -0.8126114171, 0, 0.1657685256, 0.9467929027, 0.2758695259, 0, 0.8581613294, -0.0006657539, -0.5133796739, 0, -220.5891176248, -139.9480996824, 188.6872125929, 1); animation-timing-function: linear; }
}
@-webkit-keyframes gwd-gen-t6z4gwdanimation_gwd-keyframes {
  0% { top: -68px; left: 459.5000000000024px; width: 350px; height: 350px; -webkit-transform: matrix3d(0.9999526942, 0.0005928799, 0.0097086489, 0, 0.0097267348, -0.0609507579, -0.9980933803, 0, 0, 0.9981405981, -0.0609536414, 0, -22.0619992455, 44.5391097577, 175.4942520789, 1); -webkit-animation-timing-function: linear; }
  69.8493% { top: -68px; left: 459.5000000000024px; width: 350px; height: 350px; -webkit-transform: matrix3d(0.9999526942, 0.0005928799, 0.0097086489, 0, 0.0097267348, -0.0609507579, -0.9980933803, 0, 0, 0.9981405981, -0.0609536414, 0, -22.0619992455, 44.5391097577, 175.4942520789, 1); -webkit-animation-timing-function: linear; }
  95.8767% { top: -68px; left: 459.5000000000024px; width: 350px; height: 350px; -webkit-transform: matrix3d(0.9999526942, 0.0005928799, 0.0097086489, 0, 0.0097267348, -0.0609507579, -0.9980933803, 0, 0, 0.9981405981, -0.0609536414, 0, -22.0619992455, 44.5391097577, 175.4942520789, 1); -webkit-animation-timing-function: linear; }
  100% { top: -68px; left: 459.5000000000024px; width: 350px; height: 350px; -webkit-transform: matrix3d(0.8575062621, 0.0327712032, -0.5134287281, 0, -0.4949846402, 0.3246297092, -0.8059812392, 0, 0.1402612438, 0.9452732939, 0.2945932506, 0, -34.0139108874, 46.5819438633, 217.556004957, 1); -webkit-animation-timing-function: linear; }
}
@-moz-keyframes gwd-gen-t6z4gwdanimation_gwd-keyframes {
  0% { top: -68px; left: 459.5000000000024px; width: 350px; height: 350px; -moz-transform: matrix3d(0.9999526942, 0.0005928799, 0.0097086489, 0, 0.0097267348, -0.0609507579, -0.9980933803, 0, 0, 0.9981405981, -0.0609536414, 0, -22.0619992455, 44.5391097577, 175.4942520789, 1); -moz-animation-timing-function: linear; }
  69.8493% { top: -68px; left: 459.5000000000024px; width: 350px; height: 350px; -moz-transform: matrix3d(0.9999526942, 0.0005928799, 0.0097086489, 0, 0.0097267348, -0.0609507579, -0.9980933803, 0, 0, 0.9981405981, -0.0609536414, 0, -22.0619992455, 44.5391097577, 175.4942520789, 1); -moz-animation-timing-function: linear; }
  95.8767% { top: -68px; left: 459.5000000000024px; width: 350px; height: 350px; -moz-transform: matrix3d(0.9999526942, 0.0005928799, 0.0097086489, 0, 0.0097267348, -0.0609507579, -0.9980933803, 0, 0, 0.9981405981, -0.0609536414, 0, -22.0619992455, 44.5391097577, 175.4942520789, 1); -moz-animation-timing-function: linear; }
  100% { top: -68px; left: 459.5000000000024px; width: 350px; height: 350px; -moz-transform: matrix3d(0.8575062621, 0.0327712032, -0.5134287281, 0, -0.4949846402, 0.3246297092, -0.8059812392, 0, 0.1402612438, 0.9452732939, 0.2945932506, 0, -34.0139108874, 46.5819438633, 217.556004957, 1); -moz-animation-timing-function: linear; }
}
@keyframes gwd-gen-t6z4gwdanimation_gwd-keyframes {
  0% { top: -68px; left: 459.5000000000024px; width: 350px; height: 350px; transform: matrix3d(0.9999526942, 0.0005928799, 0.0097086489, 0, 0.0097267348, -0.0609507579, -0.9980933803, 0, 0, 0.9981405981, -0.0609536414, 0, -22.0619992455, 44.5391097577, 175.4942520789, 1); animation-timing-function: linear; }
  69.8493% { top: -68px; left: 459.5000000000024px; width: 350px; height: 350px; transform: matrix3d(0.9999526942, 0.0005928799, 0.0097086489, 0, 0.0097267348, -0.0609507579, -0.9980933803, 0, 0, 0.9981405981, -0.0609536414, 0, -22.0619992455, 44.5391097577, 175.4942520789, 1); animation-timing-function: linear; }
  95.8767% { top: -68px; left: 459.5000000000024px; width: 350px; height: 350px; transform: matrix3d(0.9999526942, 0.0005928799, 0.0097086489, 0, 0.0097267348, -0.0609507579, -0.9980933803, 0, 0, 0.9981405981, -0.0609536414, 0, -22.0619992455, 44.5391097577, 175.4942520789, 1); animation-timing-function: linear; }
  100% { top: -68px; left: 459.5000000000024px; width: 350px; height: 350px; transform: matrix3d(0.8575062621, 0.0327712032, -0.5134287281, 0, -0.4949846402, 0.3246297092, -0.8059812392, 0, 0.1402612438, 0.9452732939, 0.2945932506, 0, -34.0139108874, 46.5819438633, 217.556004957, 1); animation-timing-function: linear; }
}
